#Generators of the Rubik's cube Group
U:=(1,2,4,8)(6,11,17,22)(25,26,29,36)(27,31,38,45)(33,40,46,44);
L:=(3,6,12,20)(8,15,14,19)(25,27,32,42)(28,31,40,47)(35,41,46,36);
F:=(4,9,16,12)(15,22,18,23)(27,33,43,35)(29,37,32,40)(36,45,39,47);
R:=(2,5,10,18)(9,17,13,21)(26,30,39,33)(29,38,34,43)(37,45,44,48);
B:=(1,3,7,13)(5,11,19,24)(25,28,34,44)(26,31,41,48)(30,38,46,42);
D:=(7,14,16,10)(20,23,21,24)(28,35,37,30)(32,39,34,41)(42,47,43,48);

#Free Group for the Rubik's Cube Group
Cube:=Group(U,L,F,R,B,D);
#Define an epimorphism from a free group to the generators of Cube
hom:=EpimorphismFromFreeGroup(Cube:names:=["U","L", "F", "R", "B", "D"]);
